1	9
2	9
3	12
4	7
5	8
6	2
7	3
8	3
9	13
10	9
11	2
12	13
13	8
14	9
15	2
16	5
17	13
18	1
19	4
20	4
21	13
22	4
23	13
24	1
25	10
26	13
27	11
28	9
29	10
30	8
31	2
32	8
33	9
34	13
35	13
36	4
37	8
38	10
39	13
40	1
41	2
42	2
43	13
44	4
45	4
46	1
47	2
48	12
49	10
50	6
51	6
52	13
53	4
54	6
55	5
56	6
57	13
58	7
59	4
60	10
61	10
62	10
63	1
64	10
65	10
66	2
67	10
68	8
69	8
70	8
71	3
72	6
73	3
74	4
75	4
76	2
77	5
78	13
79	6
80	8
81	2
82	4
83	8
84	6
85	9
86	10
87	13
88	1
89	1
90	10
91	1
92	13
93	13
94	1
95	11
96	11
97	1
98	9
99	9
100	11
101	9
102	9
103	13
104	13
105	11
106	11
107	12
108	12
109	1
110	1
111	1
112	2
113	5
114	4
115	5
116	5
117	2
118	13
119	2
120	5
121	2
122	2
123	13
124	4
125	2
126	2
127	2
128	4
129	4
130	12
131	2
132	5
133	3
134	7
135	10
136	8
137	6
138	7
139	5
