1	2
2	11
3	16
4	17
5	5
6	1
7	11
8	15
9	1
10	19
11	13
12	5
13	13
14	10
15	4
16	10
17	18
18	1
19	12
20	8
21	8
22	1
23	19
24	6
25	6
26	4
27	11
28	5
29	21
30	21
31	21
32	21
33	20
34	21
35	21
36	3
37	21
38	21
39	21
40	2
41	2
42	21
43	2
44	15
45	5
46	8
47	15
48	1
49	19
50	2
51	12
52	20
53	3
54	1
55	17
56	11
57	10
58	17
59	17
60	18
61	8
62	12
63	19
64	1
65	12
66	16
67	18
68	18
69	11
70	18
71	18
72	17
73	16
74	7
75	12
76	7
77	5
78	17
79	4
80	20
81	4
82	1
83	10
84	19
85	7
86	19
87	8
88	11
89	7
90	11
91	14
92	16
93	1
94	5
95	15
96	15
97	20
98	1
99	20
100	9
101	10
102	13
103	14
104	4
105	4
106	11
107	3
108	15
109	15
110	15
111	15
112	14
113	14
114	14
115	14
116	9
117	10
118	9
119	9
120	5
121	20
122	16
123	1
124	14
125	6
126	9
127	12
128	3
129	5
130	12
131	12
132	10
133	2
134	17
135	12
136	11
137	11
138	1
139	6
140	12
141	10
142	8
143	1
144	8
145	6
146	4
147	1
148	18
149	4
150	18
151	15
152	2
153	9
154	10
155	7
156	7
157	5
158	3
159	8
160	8
161	4
162	9
163	16
164	6
165	10
166	6
167	7
168	16
169	18
170	17
171	20
172	8
173	1
174	13
175	16
176	3
177	1
178	17
179	21
180	16
181	17
