1	10
2	7
3	-2
4	20
5	8
6	12
7	13
8	1
9	6
10	-2
11	11
12	15
13	-2
14	6
15	-2
16	5
17	21
18	4
19	11
20	-2
21	1
22	14
23	-2
24	-2
25	-2
26	1
27	-2
28	4
29	8
30	8
31	8
32	18
33	3
34	-2
35	7
36	8
37	2
38	4
39	12
40	4
41	-2
42	8
43	14
44	12
45	8
46	-2
47	11
48	12
49	6
50	8
51	-2
52	-2
53	-2
54	-2
55	-2
56	4
57	4
58	6
59	4
60	4
61	19
62	13
63	19
64	11
65	20
66	1
67	10
68	7
69	-2
70	6
71	4
72	6
73	-2
74	-2
75	6
76	10
77	-2
78	4
79	10
80	9
81	6
82	1
83	1
84	2
85	15
86	15
87	-2
88	19
89	9
90	-2
91	3
92	12
93	3
94	15
95	17
96	-2
97	10
98	-2
99	16
100	10
101	13
102	5
103	21
104	15
105	17
106	19
107	14
108	2
109	14
110	11
111	11
112	-2
113	9
114	9
115	5
116	5
117	5
118	5
119	16
120	-2
121	9
122	12
123	11
124	9
125	13
126	8
127	1
128	8
129	19
130	5
131	5
132	5
133	5
134	13
135	13
136	18
137	-2
138	4
139	11
140	7
141	20
142	-2
143	21
144	20
145	15
146	17
147	11
148	-2
149	18
150	-2
151	18
152	1
153	16
154	-2
155	8
156	6
157	8
158	-2
159	1
160	15
161	10
162	16
163	-2
164	-2
165	-2
166	17
167	13
168	16
169	10
170	-2
171	9
172	-2
173	18
174	19
175	7
176	-2
177	17
178	17
179	9
180	-2
181	18
