1	9
2	4
3	11
4	4
5	10
6	1
7	1
8	1
9	9
10	13
11	9
12	13
13	9
14	5
15	7
16	9
17	9
18	12
19	5
20	5
21	12
22	5
23	11
24	12
25	9
26	11
27	10
28	4
29	5
30	6
31	9
32	6
33	8
34	7
35	4
36	9
37	6
38	4
39	11
40	12
41	1
42	5
43	11
44	5
45	5
46	12
47	1
48	4
49	5
50	7
51	5
52	5
53	4
54	5
55	7
56	5
57	13
58	11
59	5
60	9
61	9
62	9
63	12
64	9
65	9
66	1
67	9
68	10
69	10
70	10
71	2
72	2
73	3
74	3
75	3
76	4
77	5
78	6
79	7
80	7
81	13
82	13
83	13
84	7
85	10
86	9
87	11
88	12
89	10
90	9
91	12
92	11
93	11
94	12
95	12
96	12
97	3
98	8
99	8
100	12
101	8
102	8
103	8
104	8
105	1
106	1
107	13
108	13
109	13
110	13
111	13
112	13
113	7
114	13
115	5
116	6
117	8
118	6
119	5
120	3
121	1
122	1
123	11
124	11
125	1
126	1
127	1
128	5
129	5
130	2
131	6
132	6
133	6
134	11
135	10
136	7
137	7
138	12
139	3
