1	3
2	5
3	-2
4	6
5	4
6	2
7	1
8	3
9	-2
10	4
11	4
12	4
13	7
14	7
15	4
16	4
17	9
18	-2
19	8
20	6
21	5
22	1
23	4
24	3
25	2
26	6
27	1
28	7
29	3
30	2
31	5
32	1
33	7
34	-2
35	5
36	2
37	4
38	1
39	3
40	5
41	1
42	3
43	1
44	2
45	-2
46	1
47	-2
48	8
49	-2
50	2
51	6
52	2
53	5
54	4
55	3
56	4
57	3
58	3
59	7
60	1
61	6
62	9
63	4
64	9
65	2
66	6
67	5
68	-2
69	3
70	4
71	2
72	5
73	7
74	3
75	1
76	3
77	8
78	5
79	2
80	6
81	1
82	3
83	6
84	5
85	1
86	8
87	6
88	8
89	1
90	-2
91	7
92	10
93	7
94	2
95	1
96	3
97	5
98	4
99	9
100	7
101	7
102	3
103	4
104	4
105	3
106	1
107	6
108	7
109	7
110	8
111	-2
112	2
113	8
114	1
115	9
116	3
117	4
118	8
119	2
120	5
121	3
122	9
123	6
124	1
125	4
126	4
127	3
128	1
129	-2
130	8
131	1
132	-2
133	2
134	5
135	2
136	10
137	8
138	5
139	5
140	1
141	5
142	-2
143	4
144	2
145	-2
146	6
147	3
148	10
149	5
150	2
151	5
152	1
153	9
154	6
155	1
156	1
157	7
158	2
159	6
160	-2
161	4
162	5
163	4
164	6
165	1
166	2
167	1
168	5
169	-2
170	-2
171	4
172	4
173	1
174	1
175	6
176	2
177	3
178	1
179	2
180	4
181	4
182	4
183	6
184	1
